13
0  1  0  0  0  1  0  0  0  0  0  0  0 
1  0  1  0  1  1  0  0  0  0  0  0  0 
0  1  0  1  1  0  0  0  0  0  1  0  0 
0  0  1  0  0  0  1  1  0  0  1  0  0 
0  1  1  0  0  1  1  0  0  0  0  0  0 
1  1  0  0  1  0  1  0  0  0  0  0  0 
0  0  0  1  1  1  0  1  0  0  0  0  0 
0  0  0  1  0  0  1  0  1  1  0  0  0 
0  0  0  0  0  0  0  1  0  1  0  1  1 
0  0  0  0  0  0  0  1  1  0  1  1  0 
0  0  1  1  0  0  0  0  0  1  0  1  0 
0  0  0  0  0  0  0  0  1  1  1  0  1 
0  0  0  0  0  0  0  0  1  0  0  1  0  
499 76 A
1032 64 B
549 148 C
1210 292 D
1203 439 E
514 441 F
636 80 G
663 452 H
896 102 GA
498 323 Q
1040 406 QQ
811 453 AS
1207 140 AE
